13
31
-27
70
81
16
-146
17
-61
-60
-34
-26
-136
5
110
-161
-66
25
-237
-54
126
-52
45
-110
-127
-195
-201
61
-95
-211
-6
-93
92
54
8
-151
-22
34
135
168
-40
-170
115
-52
251
76
33
7
125
-93
29
-17
-185
178
104
-15
15
127
25
-198
17
-318
75
89
-67
-10
66
-9
-155
-121
8
-13
37
71
91
22
-133
-100
-38
-28
266
186
94
31
80
-144
92
50
-74
-80
55
215
-114
56
-293
-25
27
78
-100
-210
14
74
-36
-60
-87
-40
161
-53
-24
-256
58
146
-189
58
101
-180
-29
-126
14
36
-68
39
-211
-15
-186
-9
-60
24
101
5
119
-179
-61
17
-12
3
14
220
-15
77
-66
-155
117
-56
194
-16
148
-77
80
-47
74
-22
-83
40
-2
223
36
-86
-78
-37
-50
-126
127
-41
2
-128
-16
16
-94
154
182
-145
47
-131
-47
3
-8
146
24
40
40
-72
-116
243
8
149
-4
122
-189
124
-49
134
-96
116
-14
134
2
101
-11
194
123
-68
84
-133
-395
-87
29
-164
-72
-16
-26
-73
96
164
76
-20
-23
21
-62
-31
58
-106
-111
-39
0
-154
-90
-85
-110
64
117
94
34
-130
-109
-40
23
-122
-98
-17
-40
-13
-62
0
31
29
-51
-84
-48
75
51
34
87
59
0
-163
-81
-6
78
62
7
-107
-146
-77
2
-78
-83
111
192
-61
14
-12
-85
17
-6
99
101
215
-200
-173
-16
-11
-97
-118
185
34
155
-95
49
-30
-74
-48
196
89
0
-173
84
133
112
-6
32
-27
78
-176
-45
112
-151
-42
118
112
-27
-96
17
94
181
13
-48
182
5
72
-12
-9
-123
102
-53
-83
-124
-13
-57
-137
-5
-19
108
46
33
-14
79
29
-15
95
46
91
9
-85
38
-140
-166
43
102
-5
-96
22
-105
2
-131
89
124
43
-39
-87
-25
-48
-85
-139
51
47
-24
16
88
-15
-135
-64
2
-104
183
-13
90
64
-76
-71
265
-85
136
81
152
168
68
-220
-37
-32
143
86
-80
54
-58
-18
51
32
62
122
214
-29
60
-2
-72
144
-117
-57
7
-52
-52
70
-130
80
128
-187
87
84
90
-31
-1
-89
8
-157
-40
133
-72
30
60
-23
-95
54
-57
14
61
-121
-32
-308
198
-18
-84
31
95
-46
-154
132
-147
-40
50
-193
-5
34
39
137
75
-171
48
-96
-17
10
70
12
33
-45
-67
22
-112
-61
160
-113
-5
33
100
114
-7
-6
-259
66
-211
106
121
-30
238
-62
-84
373
8
53
-257
28
97
-40
51
115
-114
25
-3
12
-73
-71
-8
30
42
-199
90
58
-50
-128
-17
-79
1
-114
-69
-101
-48
-207
-2
-19
-5
-112
32
-37
30
0
142
-28
25
-149
95
65
-97
-44
-176
3
57
49
-158
-49
49
-135
-35
-23
-54
-102
41
-53
77
-84
34
-128
-30
9
39
-135
-126
-74
-33
-68
-117
-62
102
-56
17
81
115
-125
-42
16
16
8
88
52
56
54
91
103
-73
146
154
-95
-56
21
-156
76
37
-31
-134
-36
60
-155
77
-189
72
35
-44
-119
-142
24
-32
28
-49
-24
2
144
-110
6
48
91
120
-16
-1
-302
-105
86
191
-46
4
-62
17
-59
155
141
110
-111
191
-69
-138
6
-132
-103
11
206
-126
55
-54
66
-65
-19
-169
253
89
-2
140
-77
81
-29
117
-28
187
28
-197
-187
-81
47
52
-76
-127
169
-61
159
150
12
-129
-4
36
41
254
127
-123
-12
60
36
-203
-21
-49
-145
137
-23
298
79
44
210
102
-1
65
-9
-71
-75
-18
-15
-14
60
39
175
-184
47
-120
-41
31
-145
72
-29
-58
5
-16
-6
43
-52
-159
10
98
89
138
205
-83
54
110
-35
5
91
12
-26
246
-94
177
106
72
172
99
-19
-136
-102
-24
-151
74
-34
118
-174
-123
-31
-106
-46
52
136
-67
57
-79
161
-2
45
134
-52
118
61
-200
76
69
-86
39
-56
-45
-87
134
180
-82
-8
15
-61
104
-162
40
-7
-20
-63
-149
-109
-103
2
30
86
-12
103
66
12
-253
10
154
19
-36
76
-77
-7
49
-65
-23
-84
27
52
21
-32
-20
233
-51
-94
125
6
36
-134
17
-36
-35
-84
112
-146
50
222
-159
14
127
-27
-123
126
150
40
-52
73
174
-7
-37
131
-62
-109
45
-142
113
-14
136
-39
-82
-99
-21
135
-8
138
2
-41
-77
79
-56
184
50
22
-169
5
-207
51
51
-39
156
-31
3
-237
-68
-39
-10
-128
-36
64
219
48
-107
-23
102
-152
86
-39
139
-22
-136
-77
55
82
-118
104
-32
-147
106
-72
-87
-196
77
138
210
85
-160
11
106
-29
-58
-24
193
1
15
183
-113
-58
-25
25
-136
78
50
57
43
7
70
4
2
22
75
77
-53
-82
-36
19
-22
-17
90
1
71
-154
-159
-47
-81
-46
-54
3
-113
75
112
11
23
75
-52
-140
-54
234
-22
64
149
203
107
36
-6
-43
79
48
139
-252
172
8
99
-106
-89
-100
-23
11
-32
-3
-43
-64
157
-28
-39
15
64
86
92
-179
-102
-13
-122
14
-13
-13
60
-111
-31
39
-13
-39
-60
-124
11
118
-120
56
224
19
-84
-164
-84
-116
-25
97
-48
92
1
90
55
156
32
-174
1
-8
-58
159
39
47
-45
-225
-49
130
147
-57
118
-143
13
-124
-167
-88
40
194
73
-22
-180
-98
35
60
-113
-9
-100
-7
103
0
99
-27
29
-72
-13
89
-5
-105
-31
-33
70
-7
18
124
84
40
94
131
134
-131
15
-9
11
180
-167
7
-52
21
-52
3
85
-136
121
-29
161
42
-80
-128
-255
-30
122
-158
-78
-217
228
-85
93
44
95
-133
49
-178
132
-193
-39
-4
-124
-6
32
3
240
137
67
-129
-120
-106
-168
35
-65
-113
28
-104
68
183
-172
-205
-28
107
106
-36
185
234
3
103
10
53
-379
14
-44
71
72
7
-34
141
91
29
-145
-90
-173
286
171
-37
-12
116
-45
-201
-53
-6
-107
108
1
17
-98
3
-171
-113
-119
-1
54
-151
-18
25
-16
-57
-74
-86
39
94
95
-62
-59
81
-212
-138
-77
-160
111
-19
-32
95
-13
57
112
-65
-99
-90
84
30
3
-8
84
3
-67
22
-55
-184
-43
-95
59
-56
-187
-39
-156
-83
55
7
-25
-188
-114
169
90
135
39
116
-30
-69
80
-30
188
-94
-103
-2
27
94
-17
-154
-40
7
143
-58
-10
-65
-117
-189
-65
-76
-40
-17
110
-54
15
-53
-50
196
145
8
59
67
44
110
62
57
26
-136
-46
95
-50
130
113
-20
-11
9
77
30
137
-96
-38
-21
77
29
3
40
70
-27
80
35
136
-1
-46
-129
63
-8
72
-33
-50
-123
31
-111
258
96
-71
-219
189
0
51
-104
18
11
57
-143
56
-91
199
20
-31
-32
-69
-68
167
-103
102
-62
133
194
181
65
-117
-37
9
-68
-49
8
-161
73
-7
-35
-69
-32
90
1
-79
-53
87
96
104
-51
101
75
12
14
115
-1
-70
-32
-164
-230
-72
162
57
-121
-169
-245
195
-146
-9
-43
36
51
-26
105
-15
-41
-303
-111
66
-246
-28
-167
56
-42
-53
111
-21
-39
116
-41
70
255
-100
153
52
-196
-12
228
-155
64
21
-7
-33
-12
-52
337
20
92
-142
94
-12
14
39
94
-6
5
-133
-32
-31
176
107
102
-20
-40
0
231
208
-23
-138
-118
14
-28
77
72
-185
-129
4
-122
-218
-17
-20
-1
164
150
-77
115
224
133
41
129
-132
62
208
73
-13
42
79
87
-241
-34
-250
152
-255
-101
-123
47
245
-108
59
9
2
-101
79
-129
-60
-127
83
10
-34
-74
-73
-61
-17
117
-24
148
24
-9
9
-169
68
-157
-41
38
43
-38
-15
-101
-91
120
-49
-113
-13
39
-76
-100
105
3
-6
-24
153
-138
-129
-34
149
13
-28
-191
-174
46
13
-32
-52
95
115
60
-32
94
-59
-83
-28
-39
-123
191
-146
-101
-15
-3
25
-104
31
-58
-2
-82
-7
-206
21
62
14
-48
16
53
-13
49
57
35
-46
-1
-16
105
86
-107
15
-103
-32
-94
-66
86
216
-57
152
12
45
-50
-29
-80
-81
-38
111
-28
-138
-137
109
82
11
-18
-208
-146
-72
-62
66
-99
-80
-237
15
198
49
30
71
95
-39
120
21
-34
29
144
76
-131
78
-99
6
-143
-96
213
34
-102
-92
-93
148
118
117
70
82
73
49
-38
-69
41
-242
-5
-12
-189
-64
214
-132
39
-29
2
90
-62
87
-130
78
35
171
-68
-40
-119
63
-80
72
-135
8
-122
-10
-66
-126
243
-55
-11
125
-93
104
-8
55
-105
-146
-51
-83
72
-71
-12
44
86
46
2
-80
59
171
144
-224
-98
-49
22
-1
-199
-258
-1
101
-30
-71
-65
-36
-237
74
308
58
-18
46
139
-34
23
-29
178
-29
86
24
18
60
-23
80
-69
84
-3
12
13
-5
118
-24
-21
92
-21
10
63
79
55
-20
-93
35
44
95
-13
138
-109
119
121
-112
194
-37
-81
8
1
-43
-89
-145
46
94
-33
-16
187
53
36
97
51
-127
-66
-27
72
-44
-17
3
113
-70
-4
-23
-28
-43
-9
-45
78
-67
-150
-161
63
-56
-189
47
-148
65
-188
175
-16
15
-165
-10
15
94
39
-192
2
-23
41
80
34
59
-12
60
118
-146
149
-57
20
58
-19
-288
82
-92
296
-90
20
74
-102
162
191
-99
76
-169
-125
-193
-105
62
142
107
52
113
167
185
5
-71
-91
-13
-205
-42
-65
72
-32
-10
137
-173
4
-106
24
-12
-151
-220
-6
45
-95
5
48
-6
-10
-117
-79
114
-135
-149
58
-253
-179
-17
-154
79
-109
-35
88
1
-28
167
14
71
-136
52
98
-151
-137
-48
-65
65
-50
-123
77
-19
100
-45
-128
8
22
17
-97
20
47
186
103
-29
33
-72
14
-214
-163
-138
36
251
-153
-215
-163
-99
-53
63
14
105
-43
74
47
129
-98
-62
106
-89
35
-9
54
84
26
0
-146
-31
-118
-113
160
-115
18
9
-112
-63
46
36
180
117
-25
178
5
121
64
-75
-72
-42
157
107
-115
155
-152
40
-139
95
131
119
15
285
-103
79
-73
-12
28
165
114
83
-93
84
-95
30
-38
-124
36
-101
-20
61
149
57
-104
-95
-70
29
129
-31
-84
-120
45
25
-102
-2
45
-47
-132
76
100
-53
146
-76
87
7
-199
-59
-19
59
-79
-43
-195
64
-75
69
-19
-82
-120
29
41
-114
-47
-3
71
11
-69
99
49
-28
243
20
22
-69
-65
116
121
211
-28
-96
124
-92
-102
82
56
-24
-37
24
-31
89
2
96
-69
-144
149
-120
13
-53
241
-84
-13
-79
103
-54
168
65
4
-104
-130
-1
-46
-194
100
22
37
-132
-209
-140
105
18
-108
39
57
200
-106
-33
161
-176
25
-175
-173
117
-131
36
-43
-63
-11
20
-64
-149
-87
93
64
135
48
199
76
11
-82
46
-15
-40
4
187
-22
-84
-51
-89
20
-93
66
49
20
-127
118
42
-128
-118
-25
86
-96
68
-27
-27
157
-17
-11
71
-99
62
5
-77
-129
9
-71
-15
57
-114
84
28
20
-172
-47
115
-35
-199
10
-68
105
-114
108
-94
-73
90
-34
-61
13
242
-16
232
183
75
-1
-28
41
56
149
200
-52
-113
89
97
-133
-47
-60
-60
64
-39
336
132
59
-70
-134
159
1
-6
-66
128
35
-160
-133
-122
86
-75
-23
40
-123
-28
-8
-12
1
-50
-115
-67
-139
-157
-57
198
77
-104
-3
2
29
4
40
57
-183
-122
61
-40
1
62
48
132
6
-3
-104
120
57
-141
11
-166
305
-180
113
-50
20
-14
-42
-197
24
139
50
-149
127
-34
-166
-11
-91
-13
-102
103
146
-224
-162
-109
-71
-141
29
-60
97
12
56
137
-102
82
140
154
7
-72
-109
39
-81
87
-140
-17
37
-18
-8
55
-166
-80
-136
44
188
34
120
20
30
1
-87
73
-121
-32
148
-218
95
7
17
-49
-18
-37
31
31
31
108
-70
-16
3
51
45
-18
26
2
5
-46
0
14
109
-13
-56
61
-38
-95
77
-105
53
-58
-176
79
26
-63
135
39
49
79
77
4
58
-33
-10
-60
27
219
-22
64
-179
302
-116
71
137
98
-128
120
-21
100
-29
21
-21
-1
-51
-19
-180
151
-72
76
82
15
-34
-82
5
67
30
87
-5
-28
-84
109
167
-7
-151
-22
-92
-34
-15
-29
-28
16
-67
49
-104
-17
36
127
-25
-45
39
-44
-9
90
13
97
-11
-60
-95
-124
-44
-86
-86
63
-93
-185
-83
198
-65
-18
-129
-109
205
-167
-41
-202
198
61
-94
165
131
39
15
-109
182
-202
-86
-11
-33
-29
-177
-138
-177
147
-281
-24
-70
-136
108
-63
7
145
59
96
-28
1
145
14
-11
61
149
18
107
139
-44
25
138
85
-36
-42
-58
88
-84
159
120
-21
-183
60
124
-187
-70
-289
-191
108
-128
29
81
4
67
22
26
77
23
-96
177
122
246
147
-97
58
375
76
207
-144
-25
146
-36
139
-186
79
-19
-59
-215
20
-42
-156
128
129
-240
22
135
-16
-115
23
336
-26
21
-88
-57
15
-97
48
7
-180
-14
20
81
118
-35
215
117
218
88
-2
63
62
-199
-24
-26
77
-4
-17
99
-72
122
-63
39
-81
-2
-6
-188
110
91
-49
-92
-63
77
-116
-103
-125
-14
91
54
20
43
50
6
-137
-167
-28
90
-45
329
-143
-60
-61
1
-13
-41
120
-77
50
-131
96
-12
28
13
2
0
54
-56
-25
-240
138
-59
-63
-139
14
52
-35
-96
103
145
-204
12
51
-13
104
-68
0
-182
93
103
-25
156
-44
66
-61
-234
-94
40
107
-194
160
-82
-52
-80
-111
-34
22
130
-119
-218
53
105
-4
164
-151
99
35
-115
7
71
190
11
5
-136
5
18
24
-82
126
60
207
60
-88
44
-108
21
-212
67
-76
-92
69
113
48
-29
-37
-214
44
135
19
-42
-256
-98
-54
100
54
36
36
-69
-72
189
197
93
16
39
83
-137
62
-38
-6
-177
116
-20
-29
-37
104
165
7
23
-40
-4
181
50
117
-24
-147
30
-35
-80
65
37
66
-76
38
-60
78
28
-95
38
-13
168
236
48
94
-2
-22
40
-47
-81
-173
41
66
86
-117
162
216
25
-8
119
-54
37
28
-82
71
-4
-37
-8
65
-156
-49
74
-187
-18
0
56
57
-8
-69
-34
126
46
9
-29
91
-21
-53
93
144
29
-82
-105
-102
71
-115
-15
10
-120
9
5
-46
-56
-255
-35
-121
69
-39
-44
-164
8
-109
6
2
71
-141
15
-48
28
223
-148
-37
112
-14
134
-135
-133
-177
29
-151
22
17
-9
48
-234
-56
17
-167
22
181
-121
38
-26
11
-1
-57
81
112
-122
-95
-223
76
-29
-58
-142
6
2
178
82
-95
-193
84
118
28
111
-56
132
-59
63
132
39
38
118
187
55
-187
-17
-69
109
-99
-164
-9
84
-73
-270
-69
125
116
-164
179
198
-47
-140
-154
173
148
22
-155
-39
-58
-225
12
-148
-38
123
-46
-8
-175
102
190
-123
-31
101
-71
-2
-84
155
-21
11
-8
-138
-8
14
-39
8
18
206
117
-18
-14
75
-82
74
166
215
21
-27
29
-24
-35
-62
133
-81
-18
35
256
52
-34
-54
12
4
2
-105
-8
1
70
-78
-154
29
-27
103
88
-43
-225
-2
17
14
115
45
-43
13
-50
65
-54
214
97
-27
4
160
-8
-22
-53
13
39
-183
38
30
-64
-92
-52
-92
-137
135
-128
89
141
12
-35
220
-90
-26
104
93
111
-19
57
-105
-48
-73
-124
-122
35
-10
54
-21
12
51
-10
-78
-1
-14
48
-4
24
151
-38
-187
119
147
-45
53
-150
18
98
93
-150
68
-114
-69
139
-12
-28
70
-38
201
42
12
153
-92
8
109
38
120
136
-42
-14
-53
-143
73
-57
31
9
70
-5
-23
-72
-26
103
9
83
52
-232
-125
-173
-116
2
18
-175
-102
-34
-57
-56
-72
67
71
154
10
69
22
-142
156
35
-30
28
-169
9
78
-88
-107
136
-72
16
-61
111
118
85
42
-63
-77
15
28
-87
-79
-122
-10
8
184
135
46
-96
-126
-70
-145
-113
42
216
79
-40
33
66
67
7
35
11
-2
142
-19
-99
-151
-17
13
145
-120
37
-47
76
118
-26
-87
16
27
58
75
-43
-90
-7
-165
-23
-132
125
-36
81
-71
91
-76
83
-39
-320
-89
-2
4
187
-86
10
-173
-59
73
-25
158
95
-131
-50
40
72
-172
-21
79
60
-159
-3
-3
184
18
-43
-55
-10
28
101
-120
-22
21
-171
-134
-53
-104
-11
89
-10
52
-38
-31
146
35
108
-78
-19
-27
243
-25
-55
247
-105
-136
-63
-12
36
9
-17
-21
112
-13
-170
-149
-69
98
31
-5
57
-25
-76
218
145
-112
120
-75
-85
-44
-115
0
-28
129
-90
24
-10
120
-18
-10
-40
30
63
225
138
-43
3
85
-99
-197
-41
-68
-77
190
-186
41
-198
-9
212
-35
-138
-172
-22
-188
72
-65
134
70
139
-155
-81
-43
-87
-17
83
-21
-9
-85
-50
135
96
-12
-23
-8
3
195
-161
-43
-35
2
-158
-70
-64
-163
71
103
43
-135
50
19
-55
28
1
-106
-163
121
-38
-17
195
61
63
200
108
38
51
40
-72
122
-54
24
-43
22
-250
38
-41
179
-41
-197
53
63
-105
-73
113
-211
55
71
-10
-17
-185
-2
28
14
63
-4
40
-82
45
-224
30
360
-144
23
18
3
36
-148
-73
-38
83
57
-67
-6
15
53
176
27
-94
-12
-102
153
62
138
16
-213
29
-271
23
-88
77
35
312
143
-119
39
-146
-83
-40
146
-11
-28
-46
174
-156
-48
6
108
122
-26
105
64
3
-89
63
-61
52
49
69
-32
-10
36
129
-63
-114
-105
47
89
89
-42
-40
-28
-250
64
136
135
-131
22
215
-46
-33
-40
19
80
133
71
-83
-5
-64
29
-176
89
158
-100
13
-31
63
-83
13
121
4
-103
-16
-36
48
-164
108
117
172
-59
-9
-20
54
-22
38
125
183
-133
6
-88
-57
18
26
107
-54
-126
10
16
97
83
-123
30
62
-133
-48
-33
-135
32
205
108
-140
-89
29
65
-50
74
86
-108
94
-92
-75
17
27
107
94
40
-96
199
-194
-128
21
-88
51
-153
-78
111
-7
99
76
-78
-39
15
-96
57
126
-67
-48
-17
101
-25
-5
-91
138
1
201
-82
-122
221
-131
1
11
-59
151
10
24
70
74
-58
69
58
-69
-65
-67
3
-54
-7
285
121
-3
13
-16
-29
20
129
41
95
262
81
-21
-33
-203
48
48
-29
-186
-90
-40
205
-100
182
92
78
10
54
-53
-54
-79
99
-56
-64
-19
32
-221
-14
-88
-30
-33
71
72
-121
38
75
85
-10
18
-100
-106
-112
-262
0
19
45
28
-8
127
-89
71
-154
97
182
-5
47
-37
12
-146
74
85
-39
-4
-114
9
-56
-75
67
14
-143
281
-86
-110
-11
-66
-22
-182
168
61
99
-104
-161
15
-75
4
3
-154
-25
-95
-37
40
-107
109
121
60
136
187
20
57
-53
-27
-176
-107
-168
-95
73
68
-26
-85
121
-43
64
-76
-66
211
75
268
-17
122
-116
-64
-74
139
-96
-73
47
18
46
113
-45
8
-230
109
-27
63
-79
71
2
51
-43
209
124
-96
-136
46
-17
77
-232
77
-183
75
120
-68
207
-20
-23
8
-59
-5
1
-70
5
-18
22
-25
-19
-18
152
7
-141
-67
-53
158
95
1
44
-176
-159
51
-20
63
167
-89
131
231
-11
35
-196
-72
-23
-36
44
127
135
1
-177
76
47
-70
161
83
-14
-168
-14
53
-92
-112
64
-90
-110
-2
323
-174
144
20
-209
-41
9
-210
10
25
57
-121
-64
253
-199
154
194
-138
-233
-169
-95
164
49
62
-29
-29
1
58
6
-8
68
129
110
5
-148
46
-103
-142
145
-83
30
250
-12
-95
-27
-96
-76
76
76
-84
-77
49
-2
113
82
146
-153
-136
-81
47
81
-46
-56
-81
-83
-41
110
-135
34
-118
-11
-96
-26
7
-51
133
116
57
-149
-31
82
-218
-116
-240
66
-209
-32
-13
128
-113
214
-140
-30
0
134
30
92
50
22
77
-19
132
46
10
-49
-191
148
-43
-84
202
-194
-34
100
-28
-175
18
-205
7
121
-12
-67
-3
81
11
105
-93
71
114
47
-7
-43
105
69
-50
-80
9
34
-28
29
182
-14
-172
62
-114
118
123
139
34
103
2
231
-89
78
-225
175
130
-20
-88
-60
1
-123
-50
25
192
-23
125
-24
-138
-30
46
-18
-146
75
-14
-76
-152
-102
21
-63
-24
-67
9
-118
-129
-38
-121
-69
108
-78
43
14
145
-6
-181
166
168
-46
-118
-134
-81
-45
18
-22
-61
-38
-170
47
43
38
-132
-12
36
44
-3
80
180
156
216
250
39
-102
184
28
-74
39
46
80
185
-96
24
25
75
106
-31
-74
-136
-16
52
-45
4
-1
70
58
196
121
-88
-90
-230
68
-200
99
110
-96
-198
25
-271
15
122
50
121
37
-72
18
81
42
-101
61
-139
1
50
62
-59
-95
-42
90
-111
-121
-89
-61
-14
9
-57
-80
161
40
4
-102
-63
22
115
-92
-67
33
-129
-98
-62
-85
115
130
-100
-41
-106
62
-21
-7
-91
-87
64
-32
-68
191
16
158
61
121
-65
49
-54
-33
167
66
-43
-92
-27
10
-53
-167
-110
-80
-69
-4
0
-35
197
9
66
-76
-27
-91
-1
-45
3
155
88
42
51
-21
-110
-15
46
-142
140
81
131
68
130
-22
-128
-45
70
16
118
82
-147
9
50
13
186
6
26
82
151
-85
110
103
-14
205
155
-141
100
37
72
31
-51
74
77
-36
47
141
-125
-60
-1
179
153
-56
85
-50
-46
-64
54
-59
9
-67
2
-116
33
-82
-122
-12
-39
81
119
-3
-50
-9
35
-178
-42
66
-41
-99
254
68
9
-176
-2
-44
23
-1
20
114
-33
33
25
-76
11
26
25
295
-116
-45
-161
-56
43
-121
-183
103
-203
120
-41
53
-29
-25
8
79
139
172
48
51
156
251
118
-87
28
118
-45
-101
-101
-85
-93
-86
-85
33
15
-12
-51
-8
-23
88
11
-118
-83
95
92
-284
-82
50
124
218
-116
-117
104
-80
-234
0
176
170
-59
62
199
157
89
-37
-179
36
-30
-93
82
-64
-141
27
69
-15
62
-54
4
37
-92
-209
13
-130
7
-128
80
27
-110
-122
-69
-159
-135
-5
9
25
1
-176
-172
116
251
6
-206
39
-162
106
-67
52
-16
-85
-22
195
79
-80
-168
7
-363
-96
-31
-69
-63
-39
-76
-214
45
-82
-115
50
-292
87
-59
-9
168
57
-20
77
8
168
91
98
-50
85
-133
-83
6
-63
77
48
-151
-89
180
-44
-105
-52
-13
21
284
20
49
40
-142
49
-20
-131
95
-149
-98
-276
147
68
88
101
-4
-51
67
110
142
134
-17
-36
-26
3
-10
166
-201
6
118
-65
-156
-273
51
7
62
24
-5
189
139
-31
66
90
59
-132
70
9
-221
51
-80
-56
70
-18
97
54
-15
88
-143
95
-215
-44
-138
-72
-107
-55
63
-95
-95
-39
178
-68
-221
-44
-142
15
-177
82
-87
-18
-138
190
-80
-78
-82
118
-141
2
-14
-58
84
-100
86
-10
-35
-85
-71
-5
1
-105
20
-21
163
112
74
-119
-102
-35
187
-32
217
61
-96
8
-157
-43
-22
63
17
-64
37
-202
109
39
177
-114
224
173
-265
-264
-50
151
-240
-55
-47
40
-211
-41
-114
-59
-39
-114
139
-16
109
-64
-100
-43
37
71
-166
2
85
-75
-212
65
156
86
-296
-235
61
-120
-94
-4
-58
-84
123
-43
-61
24
65
-52
-177
-6
-25
-2
-8
-47
-3
37
-8
82
16
1
37
60
-163
111
-115
126
124
-8
1
-62
93
-106
63
-77
115
290
-23
45
-47
-2
96
108
-73
-90
-6
-20
-136
178
127
123
67
-124
-42
-78
2
131
-12
-16
42
-18
85
25
30
30
23
-56
-82
-65
-58
-106
46
-87
-131
37
-28
-54
79
228
-58
137
183
-6
158
-18
6
122
-51
94
-168
-65
79
-127
-120
176
26
-16
-30
-56
-89
-222
112
-107
74
-117
-167
-43
2
-129
-25
41
-17
37
19
-27
-40
-86
-27
9
-170
-21
-127
27
136
-52
97
0
32
67
22
-8
-80
-88
206
-34
-186
-138
-147
-17
-56
85
-78
-89
7
84
-73
97
108
78
60
52
-83
-207
-87
-54
121
-6
107
-23
-2
125
10
-37
84
90
-85
-29
13
114
4
-9
113
34
180
-12
-10
85
165
-130
-44
46
49
-13
-166
64
-73
-113
154
-50
-62
27
8
29
-115
86
-146
67
-54
-33
24
86
-52
-2
79
-83
-137
233
135
7
-163
28
-31
-127
-95
119
33
-75
161
-35
-40
-168
-31
104
56
-146
-36
165
-145
98
-79
52
-90
3
-100
68
-60
-98
48
124
20
-35
151
101
-112
26
-68
-65
167
75
-94
151
60
-208
188
32
-91
103
-29
-112
-49
139
-2
-73
-65
-64
141
-44
-93
-1
26
90
-97
41
17
-91
160
-45
4
-15
-53
126
-8
-26
61
-300
29
59
68
21
119
90
77
140
5
48
-42
28
127
-91
-89
89
-69
22
19
130
-138
86
278
-102
7
-134
-120
200
-243
200
-170
-150
-83
68
-130
-161
-85
-97
-132
86
-120
-99
131
56
49
44
-28
-63
-74
44
119
64
47
-11
20
-88
104
155
23
-89
103
217
-94
-16
-144
-124
11
58
-173
-3
155
38
-67
-69
83
10
16
91
172
-215
8
-49
-76
-27
-32
80
52
114
-6
12
-45
38
-31
-127
-81
96
-7
-179
-58
113
47
3
-23
75
107
223
87
-18
78
-31
72
-1
-50
-34
-147
75
-136
59
-193
-197
37
32
-44
3
252
-30
-56
41
-18
16
24
-16
-122
79
95
-43
84
6
-113
-74
41
-38
76
-20
13
-43
-171
-126
-32
-129
-45
14
47
29
235
-234
-89
-42
-93
-193
58
-47
-212
-33
33
-120
-156
83
63
132
-151
59
-9
32
-76
-143
-31
60
53
144
36
-44
60
140
32
122
-116
-2
132
124
-36
31
26
-161
106
127
-104
-7
45
11
-52
36
145
36
44
-10
29
-87
130
-98
61
-4
51
-180
77
140
46
38
48
169
140
-221
-79
-5
47
-43
-23
-26
-93
74
92
-44
-100
66
2
89
22
81
-77
20
57
135
123
1
34
-56
45
177
95
38
-57
103
-97
140
45
170
-145
7
-61
9
117
-110
-108
-9
53
-13
-6
50
3
103
-84
-33
-109
-79
-22
8
-5
-49
-55
-4
-23
-1
181
-53
59
193
-191
122
2
-28
-70
-3
37
20
32
-52
26
-64
-169
-38
-39
41
-97
91
-76
17
-9
60
-31
3
-6
-82
-126
-175
130
-71
27
117
123
21
41
37
-83
10
-156
73
28
103
25
-18
-10
-24
158
-43
-20
0
-6
56
-23
-50
18
108
-64
12
-169
-108
6
-34
49
-203
106
-36
-65
60
-39
71
-20
-176
82
-172
76
57
-20
-112
-29
-46
65
9
-95
52
-4
-51
66
-19
-75
0
160
75
156
47
35
9
76
91
104
-51
182
176
98
5
104
29
-162
-4
1
21
7
134
65
92
106
-53
-91
26
43
162
174
4
-84
136
-93
-6
28
-74
59
-21
-83
-25
33
-71
-46
-49
173
-57
-137
46
4
74
-142
24
-101
85
-152
-27
-6
90
0
143
-148
-80
-120
-32
117
-82
26
25
-168
-164
-59
145
29
44
-44
164
37
115
-35
7
-87
-54
56
35
13
-48
-84
4
-84
-20
137
-56
64
149
10
-117
37
5
-36
139
-13
-61
-70
0
-41
-13
160
68
177
45
13
-13
182
-159
173
-5
-76
-47
-36
64
-171
146
223
-48
132
98
-54
64
-4
38
173
-61
13
63
6
240
49
19
84
-66
-192
-68
-87
-127
23
-136
219
122
-7
-127
90
108
166
14
4
129
98
165
33
49
-14
147
-70
-90
-144
109
12
-68
131
11
47
115
-78
-106
11
91
112
-49
-23
28
57
-32
-93
-93
-170
-105
-94
-61
232
-63
-148
112
-23
-15
84
-69
-169
-125
-208
-17
-74
197
-214
114
-15
6
-18
-174
-84
80
221
22
138
64
-30
171
-89
-81
75
42
-18
-25
-22
-82
37
-25
70
-54
39
37
66
-42
-20
-3
-80
112
92
-102
-91
-83
-128
58
-30
-32
-16
88
170
166
69
56
49
-46
33
32
246
-6
25
13
-2
23
-14
114
-80
78
101
93
117
-92
178
-96
169
109
-101
-200
57
71
-165
54
82
29
116
-57
129
10
-41
-90
-124
-64
142
14
27
98
9
-99
-39
19
-83
0
22
75
40
40
-63
-9
-93
-68
-193
-90
-55
175
-97
89
82
12
31
6
69
181
-163
-105
-169
-94
207
28
-4
76
76
168
38
-166
81
31
-48
66
164
-6
-95
-54
-33
-67
93
67
-100
57
74
-102
167
-24
-100
100
-97
-45
-71
-84
-54
13
90
168
-64
114
-264
-34
2
-1
9
15
38
51
75
96
-42
-50
189
115
35
108
-58
84
-16
92
74
0
175
25
98
-71
18
-20
-89
-114
7
93
19
-148
-15
-110
-50
24
-37
-8
16
39
-101
153
-42
14
117
97
-60
-18
18
-91
-191
70
105
-84
73
-263
-32
154
55
191
73
24
-124
-61
-61
-247
47
-57
-6
85
211
21
83
-38
-88
205
117
48
-120
-57
-129
-47
-134
-184
-164
-151
29
28
3
192
72
59
-31
-42
73
38
176
-71
222
58
29
-145
-279
-10
12
-39
54
66
-100
55
-2
2
105
-99
111
-140
143
-39
-18
118
14
26
102
139
-94
-4
-19
102
-3
-101
-6
58
-45
134
18
-41
-35
72
162
-78
2
-132
-28
-26
-62
-95
-44
64
-73
85
180
-43
59
146
76
49
-27
16
39
-40
-82
158
-50
104
-44
-140
-30
171
74
-26
14
50
82
178
45
36
166
5
6
105
11
-90
98
100
96
-7
95
-56
128
96
20
93
46
-75
0
113
80
-211
-54
-1
1
7
45
180
133
-86
161
-11
123
-75
102
-33
63
94
-7
5
-153
-63
-21
12
-81
-276
-46
-64
25
-38
10
157
-245
-70
-34
-137
16
158
62
9
-64
187
72
-61
107
-5
14
-199
94
-92
-101
-7
127
-83
80
-53
-41
191
-172
45
-8
37
-160
-61
-37
32
124
96
13
-19
57
20
-7
-102
-4
-67
6
60
8
-58
-55
-60
-84
-78
-158
69
-81
84
194
-158
69
64
39
21
6
-53
19
-19
94
-11
73
-40
-36
-30
183
204
156
25
42
-76
178
36
149
45
-92
11
193
-60
-228
41
94
-46
70
41
-59
154
-278
-211
2
16
-127
-19
-122
16
-55
-144
-99
60
1
-33
-102
-87
103
120
-28
-36
-83
-53
0
39
-88
-67
12
-87
-172
-107
70
-10
-27
166
42
-82
68
118
-21
-40
-67
20
20
37
-8
-9
-2
130
22
-41
-19
72
-137
139
17
-127
-153
-71
-172
-11
97
13
-30
-215
-16
-30
34
30
-39
-180
36
65
-85
-168
-180
-173
113
60
45
-83
-60
-8
-54
123
86
27
27
-116
46
50
99
36
119
16
27
120
-46
-107
-139
-68
108
159
73
258
-7
107
-103
-72
-115
-68
62
19
-14
87
-17
117
-75
-66
128
-159
-118
81
150
48
-29
-84
12
-123
-154
-93
148
-7
120
-220
-26
14
-52
74
50
74
-36
22
5
-162
111
89
206
-94
-200
9
109
-83
-21
-128
-98
-77
58
-73
-158
-25
68
59
-183
-61
-138
177
185
-100
-57
-20
64
-67
11
19
20
70
3
-38
20
-86
67
46
-27
134
128
41
-159
-120
-8
-167
-196
16
43
-40
105
-118
-110
-54
72
68
150
202
-57
-27
-40
-116
-58
1
102
116
-90
126
-20
43
-41
-12
-22
-142
-44
2
111
163
42
56
295
123
58
34
118
132
23
-240
-102
-11
-143
-60
69
-98
13
28
73
110
152
-17
44
-25
80
137
-84
47
53
28
49
-153
-159
46
-73
-44
46
-11
-41
-138
-144
-125
-84
120
-114
-71
-141
75
-188
-51
-109
-30
43
145
-64
21
-85
-107
85
-39
-7
60
-90
20
24
-7
80
18
-73
-114
12
-125
54
81
-181
173
90
33
264
-93
-122
14
298
-203
10
-21
97
58
121
-216
-31
44
184
-85
107
34
-198
46
216
9
-42
-131
-79
17
44
-54
31
70
-49
-64
-55
-87
-13
75
-46
-67
192
-56
8
96
-65
-178
-18
82
94
-197
26
86
70
15
20
-59
-48
71
-119
251
118
-83
-21
-103
110
-76
84
16
73
-73
163
-47
8
-83
66
-88
-77
-239
43
139
47
-67
-120
28
-86
-45
-40
-15
57
36
17
114
55
-14
-21
16
-123
112
257
84
52
-34
-90
-95
0
-138
128
20
-76
135
-121
39
6
71
-22
-275
96
-18
34
99
-97
61
-17
-104
70
-135
-22
10
8
-170
33
-72
209
36
-103
51
180
-157
105
5
-167
72
-173
-52
73
-64
17
237
26
66
-35
9
25
3
109
14
-187
24
-171
-89
81
74
-12
-42
-163
1
105
75
27
82
-138
-124
34
-38
89
30
-83
79
108
-120
-97
-69
15
87
-50
83
-113
-235
-102
127
-26
23
8
-44
69
-74
-187
-15
66
-15
-74
106
-53
-150
93
-24
39
-9
-98
36
-54
-153
235
31
60
-5
139
-47
71
85
33
-43
-21
-22
75
-154
-107
-13
25
-131
-79
38
-96
327
-127
7
-9
-28
3
-37
-33
91
-4
31
-9
34
92
-179
-138
172
61
136
-105
29
-13
-133
-9
-22
64
-114
-96
33
-128
77
158
84
-18
-58
-60
-101
77
-275
8
14
-19
13
-5
-56
155
-54
-133
-12
-69
-70
19
-21
-199
-93
155
-79
-12
-183
-30
-33
-16
235
-96
-69
104
-134
76
-92
149
65
-59
12
-171
-34
-44
8
188
-76
130
12
31
-1
11
158
-32
-19
79
-45
-175
144
44
165
-126
41
85
-180
-168
-91
146
-100
111
25
-10
56
-40
-49
-40
190
128
-48
-57
-66
5
118
13
56
6
-74
109
-75
16
91
62
-119
97
-62
-2
65
-95
25
23
-188
48
-44
59
61
75
-99
19
21
42
33
-37
-93
60
-40
97
136
-88
46
-101
48
112
12
40
-28
-40
158
50
131
-78
129
120
-21
36
-145
-65
176
-177
110
14
74
37
-2
-56
81
-10
180
0
93
95
129
-52
102
118
11
233
-44
97
-25
191
153
-34
-98
-107
76
-32
8
55
37
-64
59
87
-319
55
-110
14
65
46
125
132
60
17
-43
90
50
59
-32
124
-196
14
55
-55
-148
-99
20
7
82
-78
27
57
-190
-32
-7
25
72
-190
-78
6
-69
124
116
42
55
209
-22
255
280
11
52
165
237
-101
29
119
-143
-167
2
-108
-89
42
-69
-50
94
-104
120
64
132
-56
-116
-224
58
-23
-159
151
-15
-21
-55
99
171
0
246
43
56
-140
-40
160
192
10
94
83
14
164
17
-30
154
-148
-63
9
76
24
56
91
67
59
117
-9
-108
-5
-32
-83
143
-85
-77
-151
-24
54
-57
33
152
46
118
253
147
-126
74
96
124
150
140
224
-69
55
0
-42
-93
-31
148
115
-12
132
-87
75
39
170
71
63
-47
37
26
72
236
-172
30
-41
28
127
-67
58
46
107
-105
-29
82
-37
153
-143
-67
99
197
80
-80
-153
15
56
12
3
35
-158
117
-133
10
-52
-211
-190
-202
253
-77
-206
-55
-131
69
-9
59
-155
89
82
-19
52
41
-43
94
94
6
-184
-44
26
-55
-30
-69
-109
186
236
25
-132
-38
-63
-30
146
-198
-16
-109
-70
6
106
124
43
16
40
184
-39
60
-43
-40
-73
181
-109
59
99
-21
14
91
112
-9
-119
-61
256
-145
71
172
-23
64
-103
-2
-73
-126
0
-30
-35
92
-40
-22
26
5
-216
-12
-65
221
-57
-101
-14
-120
-56
-97
13
-25
-25
-68
-88
111
14
3
66
59
-226
-34
-20
91
-117
-41
4
-127
-33
-3
47
29
202
-21
2
-6
212
-54
-94
-33
-236
143
-40
56
60
66
11
57
-62
19
-96
-121
-169
-171
83
37
163
141
-8
9
-24
16
145
55
62
120
-100
-40
-59
-19
25
-23
-53
27
100
-23
-19
57
-81
-171
-252
-130
-173
104
5
-16
-12
-191
53
161
-62
121
-49
-84
-56
33
38
146
-50
-45
-120
73
78
-213
-227
-194
-43
155
-85
-30
106
-29
-36
74
94
-232
22
107
-53
70
-168
77
-124
116
104
-36
47
4
76
-46
-34
145
119
-72
-104
-35
-74
65
20
-87
113
-27
-114
45
-43
-45
162
143
103
-111
-113
-75
73
33
165
-104
53
53
-71
-42
-55
-30
-21
-33
-20
91
130
6
75
-62
-150
151
27
206
-148
156
112
80
172
-47
122
18
200
198
45
22
263
-70
-154
1
27
104
-47
63
39
-58
-53
-85
-12
9
-205
77
70
35
75
-23
-80
42
-2
87
200
-36
-69
-188
-56
146
-53
-12
-110
58
15
-176
-116
-39
95
-179
-102
-40
-79
77
-40
-70
58
-66
54
176
3
44
-93
-209
-61
42
64
-156
-40
57
-121
121
19
-16
181
-35
-114
-65
-10
33
-59
-67
81
-183
212
-110
179
-206
-101
-156
-112
7
11
-13
7
-52
29
-220
17
-12
85
82
-11
161
-9
87
-68
69
-56
189
62
92
-11
-78
23
27
54
-82
-10
-9
-69
135
-146
39
54
-105
-47
-69
108
-45
298
61
203
-40
-133
-130
34
-211
347
-245
-22
17
139
28
-111
205
-93
33
63
52
132
-62
119
-37
-39
1
187
67
-98
-44
19
-259
-20
35
-67
-56
303
168
84
44
-54
-7
40
35
-61
-23
-40
-10
-27
-20
66
-142
9
-142
172
18
-1
11
9
-36
-67
-39
-115
-10
70
99
74
228
-198
59
-39
-14
128
-156
-175
-17
-16
104
-7
89
83
-89
-11
32
227
-101
-123
-266
9
113
-85
59
43
-151
-218
169
110
88
125
-34
4
-13
-92
-15
118
-29
64
110
25
-43
-153
136
20
192
-84
88
-90
67
208
-116
-43
-57
71
-74
-56
-13
16
0
222
139
-71
93
144
-177
-33
-101
112
-62
114
-147
-75
-41
-87
114
34
-75
-40
25
-18
-110
-36
49
4
61
-13
-10
-166
-55
-36
144
115
38
-151
-188
-40
95
15
194
161
45
42
-84
-198
-110
62
-42
127
-80
-182
-72
-9
-83
89
-143
43
-48
-48
-196
42
121
11
-213
-37
-128
-23
-26
29
5
-97
-172
183
18
1
67
-210
76
157
-251
-110
42
51
115
-56
-54
5
-2
52
166
-70
-112
-80
-127
139
-155
18
-11
29
102
-37
-82
123
-197
10
68
-136
-47
78
26
-151
-70
-51
-33
-112
-61
-73
-61
-48
-122
16
-59
-87
146
127
78
149
45
-128
-143
2
-32
-92
-89
112
12
-3
161
107
3
-159
145
84
-135
90
-40
-7
9
-121
-28
-57
84
45
-121
-79
-75
112
72
-18
8
9
29
-118
-66
54
7
-80
-77
-50
-108
-70
84
10
104
125
15
22
-4
82
83
8
73
-61
52
126
17
0
50
-46
-85
-146
135
-195
-91
-98
169
147
-14
-19
-149
11
211
53
-4
117
-150
-208
29
-90
-115
130
67
5
-20
-23
27
-173
159
-129
-183
27
3
-38
67
-12
-35
23
59
-29
27
102
127
-11
-4
248
12
-58
96
184
-137
213
-11
111
1
-1
111
200
-56
119
23
38
102
44
91
44
44
-97
-147
101
-5
63
49
-81
-87
73
111
-32
-71
-68
-86
-187
86
-59
-79
21
-141
70
10
-64
-23
-22
48
-161
167
-34
0
-118
7
174
-135
-140
-119
156
121
-46
33
14
172
-24
-156
-202
102
-43
-19
-23
50
-150
-117
-45
-72
-13
92
10
51
154
-92
-53
129
105
-34
-27
58
-63
-16
-87
-66
-46
-25
-242
177
37
206
186
90
-26
-9
-35
22
-1
-86
-102
10
51
-89
251
-83
-4
103
26
156
48
54
32
-7
-17
122
101
-39
14
-84
20
-63
-41
23
163
97
-242
-18
-104
113
-61
86
-142
162
-72
-116
-65
87
-17
-31
-110
42
-106
-46
-48
45
-39
-21
-89
-218
-205
87
-120
-4
-61
-71
53
-136
-24
118
17
-34
-92
-95
168
-15
150
204
-142
-25
46
-150
-41
-133
-102
32
-23
114
160
-111
-134
77
26
101
66
-9
-65
-8
-112
-91
109
76
-104
-82
6
-56
-43
113
128
0
62
-39
9
14
-134
-9
67
-52
18
-23
-65
-124
-52
-16
-12
3
85
27
52
-77
-176
221
59
8
104
95
149
-72
-144
86
-96
125
-9
-16
-29
195
-104
4
-17
9
57
229
-30
108
-53
34
65
-26
44
-125
-30
-18
-44
-5
-55
68
70
-106
57
-55
-47
-174
7
131
-25
94
47
-185
56
179
23
177
-42
-79
21
66
14
118
-91
77
202
124
-94
7
-201
-120
-4
65
31
-85
-58
-28
9
-92
141
154
-209
169
5
30
149
28
-112
-100
-87
34
-155
44
-175
-29
74
-146
12
9
-125
-44
-22
135
46
121
-28
82
131
-40
-57
163
20
-95
30
164
-206
-58
-78
44
-154
-23
-31
-24
-94
84
-49
-4
29
-149
25
-51
68
-92
267
-53
-54
-4
57
12
5
176
9
95
50
-68
-26
102
-45
39
185
-73
-39
-82
43
-89
-17
33
166
40
56
110
-95
162
68
-31
27
-148
-9
-42
-4
-59
-171
69
-177
-21
-80
-41
159
-140
135
198
23
-54
-47
-65
-18
-3
44
-56
-9
234
-13
-3
-71
-80
251
-8
183
73
123
24
140
-126
-4
81
127
-80
-68
92
-107
-103
115
-72
99
24
-80
-38
111
32
-36
-86
-110
12
44
39
-105
-27
-99
87
-82
-26
78
-5
121
-73
-82
-164
24
-52
99
59
-110
-41
-26
-89
138
-51
-103
-130
-3
153
123
-26
-94
233
-75
76
16
73
27
-44
-3
-45
-147
-20
-91
73
-117
-32
-12
-120
-15
-121
-49
-44
-202
-140
11
-143
-106
14
-84
32
-75
-177
-16
124
-77
-49
-4
-74
55
36
78
-223
-100
-38
-267
-14
62
-189
-72
136
-26
159
46
129
80
60
-21
71
38
-111
3
-66
-202
-143
109
-45
94
9
-115
50
-35
118
65
167
84
40
104
43
19
65
90
-69
-48
85
53
106
-106
-28
25
-235
174
49
53
-5
-90
-57
123
234
-165
-143
55
-7
-24
-36
35
46
52
-20
-1
-23
-141
72
-20
-8
78
-121
-94
118
187
-21
-87
-64
-14
-67
-246
20
27
14
-118
-134
32
-11
-139
-36
-24
-168
29
100
-284
-191
-77
202
74
28
-21
-196
57
-94
-72
68
37
-56
49
-39
-94
111
-73
-233
188
182
186
67
2
-36
-22
6
62
-56
-47
218
23
-112
-30
-61
42
-30
107
-83
36
40
-215
-88
-70
49
-9
39
106
45
155
157
70
-22
-87
-99
98
-136
59
-15
171
-7
-23
-78
-23
128
97
90
56
-55
12
-57
-32
4
-192
-30
93
131
196
97
-131
-168
8
-101
-87
-67
-199
-1
198
61
37
-112
-15
73
-118
-153
133
231
-40
125
-13
-105
129
-29
-76
7
125
42
97
-33
-243
-111
-73
-128
-10
65
143
15
-112
-29
-173
166
49
-264
1
-42
-16
33
115
19
7
-108
115
56
137
-118
2
-52
193
-87
-31
158
-220
1
108
33
-27
-78
56
99
104
26
154
39
59
-30
-12
-162
-8
175
-25
-51
-163
-30
70
183
-59
-20
-73
4
-123
42
37
-112
-250
30
-164
53
205
61
67
152
-105
69
-154
109
-142
6
134
-31
44
-10
107
-128
32
-70
-108
70
-1
-3
11
57
-64
-106
65
-41
-217
-241
-35
126
96
-29
-19
113
97
-27
-144
122
63
48
23
127
24
-158
-23
-71
30
-94
92
-54
-153
7
136
-101
22
-155
-9
-169
-111
-90
65
88
-165
-211
109
102
-141
-5
99
-146
-128
57
8
-14
144
26
20
-63
210
72
-46
82
-109
-8
41
33
-144
-76
-8
-141
-62
-46
-169
-16
12
-70
34
-151
33
-44
23
-54
28
131
-55
-116
5
-11
57
-97
78
-58
4
5
73
99
-146
71
113
14
145
14
70
-92
12
51
-55
-16
118
-166
31
118
66
22
133
-36
-102
-47
11
-157
51
111
-217
-116
18
-133
226
-9
36
-12
33
-54
-31
-116
-63
55
-25
-66
162
-113
92
175
-81
-45
-88
-15
-116
-67
-130
127
85
89
-233
-21
-45
149
-140
47
50
42
-18
-84
-81
-62
-155
153
-59
18
101
-7
52
54
44
36
31
148
-259
-55
-30
78
-35
10
9
85
-5
-8
40
-93
-58
-69
-8
22
-140
4
52
-12
5
2
-40
41
27
106
184
-166
5
-3
-128
-9
-64
3
-12
-47
114
32
-52
96
45
60
34
242
73
-98
77
-19
105
25
-82
-64
-93
51
-50
-88
44
40
-199
59
-15
115
129
-60
-90
-118
11
-98
-137
80
25
-80
-6
-91
-44
-16
-131
66
-83
-15
97
12
48
92
60
154
-106
-40
88
-242
8
41
173
-77
6
35
74
106
200
-200
129
-9
-83
90
68
55
42
-24
267
-102
-21
30
-6
243
-50
-98
67
-46
-72
83
-39
76
-4
177
5
-1
-50
25
128
19
147
273
-309
-186
-97
-11
-28
-74
-152
155
94
31
60
-50
20
-212
-33
248
167
91
-75
28
-54
-56
-39
185
15
23
3
18
147
-135
-42
14
190
-26
-45
-235
-46
7
51
118
-132
41
-18
-13
62
43
-17
-26
-100
8
73
-3
-28
-138
-57
-36
-115
-67
17
3
112
1
19
-150
-79
-25
124
-94
-105
-126
85
32
-111
15
18
-100
-94
-116
-78
-22
101
201
-90
56
-115
-178
50
-81
87
-22
-19
49
62
20
89
-88
-16
129
-92
95
31
5
46
151
-221
103
63
-59
-187
35
68
129
91
38
100
33
-55
-60
-19
-72
82
-302
128
-120
-83
151
-95
57
47
17
150
-159
129
-51
-134
39
-86
-30
-167
-60
18
-41
103
-124
-183
-258
-65
48
-199
-64
68
-30
-109
-97
118
53
-96
42
94
50
38
-55
-36
-81
-55
-87
-30
41
20
-17
42
40
123
-112
58
-34
-61
-148
-112
85
143
67
-25
2
-3
-41
131
51
39
14
174
37
-4
9
-64
148
-50
251
-15
-73
63
-15
-182
166
-150
-145
155
38
62
-15
-33
86
-92
-1
30
20
46
4
-1
11
56
75
45
-107
-3
-77
68
47
-200
-13
99
-33
33
160
2
-79
-75
-77
151
-59
122
28
37
-111
-50
-35
-117
-258
-196
-111
60
125
-12
-20
-102
196
19
-44
-70
122
-118
-2
-97
203
-54
-89
-90
72
135
107
25
-51
-61
-57
64
62
29
195
-60
-175
-117
11
-60
202
-128
112
34
103
67
20
-23
-166
-87
-82
-151
99
-104
-158
-91
-73
-26
-108
-43
-71
57
-32
51
25
0
-161
42
-19
-80
21
-201
124
-33
-171
-197
-85
6
260
8
12
-124
-43
152
82
135
129
-140
-51
5
-221
149
-72
117
23
-9
-100
118
-109
28
-17
57
20
-103
-55
34
-39
-82
-64
125
0
-25
78
118
-179
-70
33
-10
-37
-180
-177
297
27
-36
17
-6
77
-49
115
0
79
-3
116
7
-20
85
47
46
9
-97
150
123
63
64
-127
22
-210
-183
-27
8
-38
-80
-44
47
-35
54
48
-124
-36
-172
127
-110
78
119
-39
-88
-69
-63
96
-89
32
-20
186
-54
-46
-15
-109
22
56
186
167
139
-80
121
-15
148
-16
-57
-33
123
117
-38
48
150
-5
18
10
-28
60
-27
0
-34
-186
182
29
-104
-82
70
-53
-152
-19
-103
3
26
-13
65
125
-2
29
-82
-56
-97
-40
-148
-200
139
-48
156
109
-87
76
50
99
-84
276
137
106
6
-53
109
-182
-28
35
186
-12
187
74
63
-106
129
-118
30
-130
-115
14
-49
-125
34
74
-103
-11
14
-79
-134
73
144
90
-125
-298
55
131
75
-52
67
-56
31
62
-227
127
-51
53
-60
-19
-98
132
-86
-72
-4
33
-318
-55
152
51
-18
-51
-71
-56
37
39
-21
29
50
34
-82
-14
131
-101
-89
-102
-87
-15
-11
-179
12
90
-39
39
176
-65
-108
-154
-146
-273
31
152
38
-41
-147
-111
14
31
-99
-38
79
-79
39
67
95
-50
65
-103
0
-18
-82
-84
23
98
-12
-99
15
-2
66
-5
-3
132
119
86
16
-135
-56
15
127
-68
121
183
94
-93
-44
29
5
-13
221
-234
24
106
-88
-96
-10
-94
142
-55
26
-23
77
-455
48
-80
-65
51
-48
-59
-20
-115
39
84
71
71
-1
-36
142
-43
-117
-97
-31
-13
-201
-18
-13
-66
-191
10
-142
-3
-40
28
85
149
130
18
-48
-17
-72
132
-20
41
-29
123
13
-6
101
-118
60
-57
-37
63
-38
11
136
-44
-61
69
10
-19
52
5
35
-23
53
79
-119
-35
205
219
-91
65
18
31
-101
61
-77
-84
-141
-27
4
-7
-29
206
22
69
46
-148
-123
-122
110
-101
14
93
-117
-46
39
-65
-203
115
110
9
-139
197
-21
-106
-144
-53
144
78
-68
-8
112
98
-153
-129
10
-30
10
125
-226
6
-71
-61
43
-45
-16
64
100
7
-9
-51
83
-160
73
-49
107
17
93
-6
-39
-227
66
-89
-14
78
229
-2
128
-60
8
131
-153
48
-154
-44
120
73
-75
31
39
-14
169
130
153
-43
-112
-48
74
130
-61
93
-28
82
45
63
10
-118
12
-35
7
62
-196
114
21
-57
-24
-85
8
210
-43
-56
-22
-81
84
0
8
-85
13
157
-48
71
-90
71
191
164
-166
-48
-67
123
-153
-122
23
40
137
114
77
-72
-107
107
261
-88
18
-75
-97
98
69
-151
-147
-94
-86
-84
88
-26
69
51
-15
-26
97
238
69
20
119
194
-135
76
-186
-50
39
166
71
-26
188
-40
134
-30
14
-142
110
157
12
-194
101
44
-146
67
73
42
60
40
-75
-8
7
-14
-47
-114
-37
-38
-104
2
29
12
59
-67
56
-28
77
3
45
-59
41
-46
-59
-16
143
-100
20
178
76
-70
-155
-57
-65
-75
159
-99
107
-7
59
0
-104
12
75
174
-18
-95
25
-44
30
63
11
137
-84
96
78
-108
113
-49
155
-179
96
-32
38
68
-83
-67
-126
-36
207
59
34
-36
-17
38
-104
-42
-13
43
-143
108
64
-79
114
-244
-21
90
-102
-9
2
53
-8
-88
31
-193
-105
77
75
-122
58
154
100
-146
79
67
70
52
27
-30
-98
-47
-191
1
-52
-121
-54
-101
69
88
-25
260
-55
70
64
-107
-181
101
135
-17
-21
-153
-96
50
-165
74
-123
-184
176
-12
83
26
14
-51
-73
-70
-2
-10
-93
120
-87
51
64
-61
87
-66
-38
-198
-12
-105
-32
-117
-33
-4
47
-53
56
62
-27
29
16
30
-80
-209
-109
102
-9
-78
163
52
64
-27
74
-7
88
76
-70
6
-56
66
-44
-32
-83
-30
56
-93
-50
-3
81
162
115
64
-34
140
-9
82
-105
-11
38
-75
-192
266
182
-197
14
11
-61
137
41
-26
-2
5
-152
-15
24
-33
58
-197
91
116
-170
37
120
5
-66
25
-66
-77
108
77
-56
82
-68
-58
32
70
-82
186
57
89
77
-9
-182
-156
-91
-128
-134
53
142
-71
42
-127
57
-13
-92
-47
78
133
-47
6
17
4
39
-35
47
2
-3
-111
-228
184
-6
35
-287
13
-34
-128
13
56
-94
5
-21
94
75
-221
-48
-5
142
42
110
134
48
-78
-22
-128
-103
36
-3
60
-17
165
51
72
183
-109
29
-19
122
130
-1
233
59
76
-6
-40
-37
-63
51
46
-9
-209
74
10
-122
65
115
-79
-120
-26
142
-180
175
-75
56
-111
-99
52
-75
-9
-98
29
206
-57
-39
53
0
-115
-36
-55
-120
-129
104
-107
82
-35
-16
180
-75
141
-74
32
-85
-63
-50
-112
-20
0
-21
-138
62
125
-53
85
141
105
-106
71
-147
107
67
114
-168
35
-14
-31
-35
-12
55
82
9
123
70
202
-89
43
-45
-15
-61
129
33
-50
-100
58
-30
-71
-79
108
-31
-128
-44
68
51
195
-17
-91
-52
14
-89
-174
103
88
-43
-19
13
-9
-1
265
-223
21
-64
-109
22
131
0
-138
-18
-131